5360812466721674033
2327517849579400479
659850566738232834
9005742560889801997
2327517849579400479
703203598198708632
2327517849579400479
9005742560889801997
2327517849579400479
3349351214816847626
2327517849579400479
9005742560889801997
5151718560137708043
9005742560889801997
9005742560889801997
2327517849579400479
2327517849579400479
2327517849579400479
5905465125822735585
5360812466721674033
5360812466721674033
5360812466721674033
131402678747374301
8025334496905718797
2327517849579400479
5790037664392370150
703203598198708632
703203598198708632
703203598198708632
9177884034592840305
703203598198708632
6526499221245792516
8025334496905718797
2327517849579400479
2145465934315492385
3410847751689628204
2327517849579400479
703203598198708632
4937694192939448424
7506486416863607344
5804384629416060672
703203598198708632
9005742560889801997
5315174805687193132
2327517849579400479
7484501159590907159
406595054904140088
3817442804446284644
703203598198708632
5151718560137708043
2327517849579400479
4793126449660112514
763784674452874616
8813829860588319652
8261537103144562164
2327517849579400479
4054438623256537069
988404097511240211
6559178045764613664
1437570408215838241
3349351214816847626
8813829860588319652
2327517849579400479
897591871068349102
9005742560889801997
1817528292793367126
855693356935669834
9005742560889801997
1817528292793367126
5905465125822735585
9005742560889801997
131402678747374301
188021944379839250
2327517849579400479
5272151224797944432
3573204799214247435
703203598198708632
2327517849579400479
763784674452874616
9005742560889801997
1342632796722471829
3522540633822474626
4054438623256537069
1993025230536911373
8099082867399013386
8813829860588319652
5272151224797944432
6559178045764613664
5272151224797944432
5360812466721674033
3454938037917816274
7242072808495819184
2661528897007232472
3949049874693620627
5338289273105941841
7331314501495369566
2327517849579400479
2145465934315492385
2327517849579400479
621683623043548989
1248161417
541917479
153633432
2096812837
541917479
163727346
541917479
2096812837
541917479
779831599
541917479
2096812837
1199477948
2096812837
2096812837
541917479
541917479
541917479
1374973246
1248161417
1248161417
1248161417
30594570
1868543796
541917479
1348098196
163727346
163727346
163727346
2136892647
163727346
1519569014
1868543796
541917479
499530214
794149877
541917479
163727346
1149646517
1747740064
1351438609
163727346
2096812837
1237535571
541917479
1742621222
94667788
888817665
163727346
1199477948
541917479
1115986716
177832477
2052129679
1923539001
541917479
943997554
230130762
1527177646
334710443
779831599
2052129679
541917479
208986893
2096812837
423176282
199231635
2096812837
423176282
1374973246
2096812837
30594570
43777270
541917479
1227518363
831951573
163727346
541917479
177832477
2096812837
312606058
820155403
943997554
464037347
1885714677
2052129679
1227518363
1527177646
1227518363
1248161417
804415447
1686176473
619685486
919459824
1242917327
1706954674
541917479
499530214
541917479
144746998
