1248161417
541917479
153633432
2096812837
541917479
163727346
541917479
2096812837
541917479
779831599
541917479
2096812837
1199477948
2096812837
2096812837
541917479
541917479
541917479
1374973246
1248161417
1248161417
1248161417
30594570
1868543796
541917479
1348098196
163727346
163727346
163727346
2136892647
163727346
1519569014
1868543796
541917479
499530214
794149877
541917479
163727346
1149646517
1747740064
1351438609
163727346
2096812837
1237535571
541917479
1742621222
94667788
888817665
163727346
1199477948
541917479
1115986716
177832477
2052129679
1923539001
541917479
943997554
230130762
1527177646
334710443
779831599
2052129679
541917479
208986893
2096812837
423176282
199231635
2096812837
423176282
1374973246
2096812837
30594570
43777270
541917479
1227518363
831951573
163727346
541917479
177832477
2096812837
312606058
820155403
943997554
464037347
1885714677
2052129679
1227518363
1527177646
1227518363
1248161417
804415447
1686176473
619685486
919459824
1242917327
1706954674
541917479
499530214
541917479
144746998
